2018-12-25 16:06:30.872000: 9.00900006294
date: 2018-12-25 16:07:38.969000, runtime: 9.37299990654
date: 2018-12-25 16:08:00.274000, runtime: 9.35400009155
date: 2018-12-25 16:08:52.568000, runtime: 165.794999838
date: 2018-12-25 20:47:28.847000, runtime: 100.33100009
